1910,5
1910,2
1910,4
4294967278,338
4294967279,158
4294967279,145
2088,5
2088,4
4294967279,143
2088,3
2088,2
2088,1
4294967278,537
2086,4
2086,3
2086,2
2086,1
4294967279,286
2085,5
2085,4
2085,3
2085,2
2085,1
4294967279,396
4294967294,1563
2084,5
2084,4
2084,3
2084,2
2084,1
4294967294,52
4294967279,308
2083,6
2083,5
2083,4
2083,3
2083,2
2083,1
4294967279,306
2082,6
2082,5
2082,4
4294967279,254
2082,3
2082,2
2082,1
4294967294,1562
2032,0
2032,6
4294967279,347
2048,8
4294967294,1561
4294967278,543
4294967279,395
2038,7
4294967278,336
2047,6
4294967279,419
2074,6
4294967279,341
2053,6
4294967294,1560
4294967279,339
2051,6
4294967294,1354
4294967294,384
4294967294,412
4294967294,455
4294967294,490
2052,6
4294967294,1559
2054,6
4294967294,393
4294967294,1091
4294967294,1019
4294967279,323
2039,6
4294967294,429
4294967278,223
4294967278,545
4294967278,267
4294967278,37
4294967278,36
4294967278,512
4294967278,35
4294967278,34
4294967278,32
4294967278,329
4294967278,31
4294967278,29
4294967278,28
4294967278,26
2080,6
4294967278,22
4294967278,20
4294967278,19
4294967278,17
4294967278,16
4294967278,549
4294967278,13
4294967278,11
4294967278,548
4294967278,10
4294967278,7
4294967278,5
4294967279,130
4294967279,125
4294967279,123
4294967279,252
4294967279,122
4294967279,121
4294967279,118
4294967279,115
4294967279,387
4294967279,110
4294967279,102
4294967279,95
4294967279,93
4294967279,445
4294967279,411
4294967294,1558
2064,6
4294967279,355
2061,6
2040,6
4294967278,233
4294967279,417
4294967294,1022
2072,6
4294967294,1557
2081,7
4294967279,185
4294967279,416
2041,6
4294967278,215
4294967279,336
2058,6
4294967294,1556
4294967279,179
2068,6
2060,6
2069,6
2070,6
4294967294,1555
2057,6
4294967278,335
4294967279,441
2056,6
4294967279,400
2050,6
4294967294,1554
4294967279,388
2036,6
2046,6
4294967278,561
2045,6
4294967279,147
2035,6
4294967294,1553
4294967278,33
4294967278,366
4294967279,353
2055,6
4294967279,141
4294967294,163
4294967294,451
4294967294,458
4294967278,30
2063,6
4294967278,27
4294967279,444
2062,6
4294967294,115
4294967278,245
4294967279,439
2049,8
4294967294,1552
2059,6
4294967279,272
4294967278,18
4294967278,293
4294967279,322
2066,6
4294967278,274
4294967278,334
2065,6
4294967294,1551
4294967279,266
4294967279,371
2073,6
4294967278,9
4294967279,409
2042,6
4294967279,405
2067,6
4294967279,131
4294967279,132
4294967279,313
2037,6
4294967279,120
4294967279,348
4294967278,544
4294967279,128
4294967278,527
4294967294,1550
4294967279,255
4294967279,248
2081,6
2081,5
2081,4
2081,3
2081,2
2081,1
1976,8
1976,0
4294967279,112
4294967278,563
4294967279,230
2080,5
2080,4
2080,3
2080,2
2080,1
4294967278,575
4294967279,104
4294967279,367
1911,0
1911,8
2079,6
4294967279,213
2079,5
2079,4
2079,3
2079,2
2079,1
1976,7
2078,6
2078,5
2078,4
2078,3
2078,2
2078,1
4294967294,1549
2077,6
4294967279,203
2077,5
2077,4
2077,3
2077,2
2077,1
4294967279,433
4294967294,1002
4294967294,419
4294967294,187
4294967294,168
4294967294,411
4294967294,1179
4294967294,469
4294967294,463
4294967279,199
2076,6
2076,5
2076,4
2076,3
2076,2
2076,1
4294967279,197
4294967279,195
2075,6
2075,5
2075,4
4294967279,193
2075,3
2075,2
2075,1
4294967279,191
4294967294,1548
4294967278,332
4294967279,337
4294967279,372
4294967279,332
4294967278,532
4294967294,1380
4294967294,1378
4294967294,1376
4294967279,399
2074,5
2074,4
4294967279,172
2074,3
2074,2
2074,1
4294967279,382
4294967294,1014
4294967279,335
4294967278,348
2073,5
2073,4
2073,3
2073,2
2073,1
4294967294,1375
4294967279,160
4294967294,1547
4294967278,529
2072,5
2072,4
2072,3
2072,2
2072,1
4294967294,1374
4294967279,279
4294967294,1373
4294967279,404
4294967278,569
4294967279,401
2070,5
2070,4
2070,3
2070,2
2070,1
4294967279,271
4294967294,1372
4294967294,1371
4294967279,410
4294967278,533
4294967279,259
2069,5
2069,4
2069,3
2069,2
2069,1
4294967294,1546
4294967294,1361
2068,5
2068,4
2068,3
2068,2
2068,1
4294967294,1370
4294967279,113
4294967278,342
4294967294,489
4294967278,371
2067,5
2067,4
2067,3
2067,2
2067,1
4294967294,1369
4294967278,542
4294967278,364
4294967279,226
4294967279,343
2066,5
2066,4
2066,3
2066,2
2066,1
4294967294,1368
4294967279,211
4294967278,209
4294967278,540
4294967279,97
4294967279,338
4294967294,1367
4294967294,1365
4294967278,292
4294967279,217
4294967279,205
4294967279,207
2065,5
2065,4
2065,3
2065,2
2065,1
4294967278,221
4294967278,374
4294967278,251
4294967278,130
4294967278,128
4294967278,127
4294967278,126
4294967278,124
4294967278,122
4294967278,120
4294967278,119
4294967278,118
4294967278,326
4294967278,117
4294967278,116
4294967278,113
4294967278,111
4294967278,110
4294967278,109
4294967278,107
4294967278,325
4294967278,349
4294967278,104
4294967278,102
4294967278,101
4294967278,100
4294967278,99
4294967278,97
4294967278,93
4294967278,91
4294967278,90
4294967278,89
4294967278,86
4294967278,337
4294967278,82
4294967278,80
4294967278,79
4294967278,76
4294967278,72
4294967278,70
4294967278,69
4294967278,341
4294967278,534
4294967278,65
4294967278,290
4294967278,63
4294967278,62
4294967278,61
4294967278,60
4294967278,358
4294967278,58
4294967278,289
4294967278,309
4294967278,55
4294967278,53
4294967278,52
4294967278,51
4294967278,50
4294967278,49
4294967278,48
4294967278,347
4294967278,44
4294967278,42
4294967278,40
4294967278,39
4294967278,513
4294967278,23
4294967278,21
4294967278,8
4294967278,6
4294967279,129
4294967279,127
4294967279,126
4294967279,119
4294967279,117
4294967279,116
4294967279,114
4294967279,108
4294967279,107
4294967279,106
4294967279,90
4294967279,174
4294967279,74
4294967279,71
4294967279,53
4294967279,38
4294967279,32
4294967279,29
4294967279,11
4294967279,9
4294967279,8
4294967279,6
4294967278,87
4294967294,1545
4294967279,86
4294967279,83
2064,5
2064,4
2064,3
2064,2
2064,1
4294967278,78
4294967279,215
4294967279,429
4294967278,77
4294967278,75
2063,5
2063,4
2063,3
2063,2
2063,1
4294967294,1366
4294967278,68
4294967278,59
4294967279,68
4294967278,66
4294967279,65
4294967278,64
2062,5
2062,4
2062,3
2062,2
2062,1
4294967294,1358
4294967278,57
4294967278,56
4294967278,331
4294967278,54
4294967279,221
4294967294,1407
4294967294,1356
2061,5
2061,4
2061,3
2061,2
2061,1
4294967278,47
4294967279,412
4294967278,46
4294967278,45
4294967294,1544
4294967279,44
4294967278,43
4294967278,320
4294967278,41
4294967278,514
4294967279,41
2060,5
2060,4
2060,3
2060,2
2060,1
4294967278,330
4294967279,326
2059,5
2059,4
2059,3
2059,2
2059,1
4294967278,25
4294967278,24
4294967279,403
2058,5
2058,4
2058,3
2058,2
2058,1
4294967278,328
4294967278,15
4294967278,14
4294967294,1543
4294967278,12
4294967294,1406
2057,5
2057,4
2057,3
2057,2
2057,1
4294967279,398
4294967278,4
4294967294,404
4294967294,448
2056,5
2056,4
2056,3
2056,2
2056,1
4294967279,124
4294967294,1405
2055,5
2055,4
2055,3
2055,2
2055,1
4294967294,1542
4294967294,1404
2054,5
2054,4
2054,3
2054,2
2054,1
4294967278,323
4294967294,1403
2053,5
2053,4
2053,3
2053,2
2053,1
4294967279,394
4294967294,1541
4294967279,393
2052,5
2052,4
2052,3
2052,2
2052,1
4294967278,241
4294967279,80
4294967279,392
4294967279,77
4294967294,1402
2051,5
2051,4
2051,3
2051,2
2051,1
4294967279,390
4294967279,384
4294967294,1401
2050,5
2050,4
2050,3
2050,2
2050,1
4294967279,50
4294967279,59
4294967279,383
4294967279,56
4294967294,1400
2049,7
2049,6
2049,5
2049,4
2049,3
2049,2
2049,1
4294967278,38
4294967279,47
4294967294,1540
4294967294,1399
2048,7
2048,6
